2.2647898333792661E-004
1.3950124678367687E-004
8.3060903497271852E-005
4.9694292879276924E-005
3.0170099372654708E-005
1.8872034182251066E-005
1.2152523210924255E-005
8.1141638374036597E-006
5.6430579001761782E-006
4.0512756301479051E-006
3.0296697392039931E-006
2.3645287887390521E-006
1.9416402858176618E-006
1.6843925318657401E-006
1.5477413575188352E-006
1.5108818947304067E-006
1.5477413573824392E-006
1.6843925315998171E-006
1.9416402853522557E-006
2.3645287880277791E-006
3.0296697381680663E-006
4.0512756286487762E-006
5.6430578980827117E-006
8.1141638345393771E-006
1.2152523207028144E-005
1.8872034177010609E-005
3.0170099365738782E-005
4.9694292870402967E-005
8.3060903486393916E-005
1.3950124677144268E-004
2.2647898332682872E-004
3.2431835375727595E-004
