2.2647898327606171E-004
1.3950124674902859E-004
8.3060903479169877E-005
4.9694292870402587E-005
3.0170099368677394E-005
1.8872034180707166E-005
1.2152523210502359E-005
8.1141638374039375E-006
5.6430579002231241E-006
4.0512756300402091E-006
3.0296697388410572E-006
2.3645287880282458E-006
1.9416402846968838E-006
1.6843925302806033E-006
1.5477413553345774E-006
1.5108818918716607E-006
1.5477413537311125E-006
1.6843925269372188E-006
1.9416402795150628E-006
2.3645287806930040E-006
3.0296697289266725E-006
4.0512756170405623E-006
5.6430578833828530E-006
8.1141638158649569E-006
1.2152523183129964E-005
1.8872034146212325E-005
3.0170099325894024E-005
4.9694292818680818E-005
8.3060903419863747E-005
1.3950124668767267E-004
2.2647898322706098E-004
3.2431835365614190E-004
