1 -8.6845035695025793E-007
2 -5.3492781434716127E-007
3 -3.1850315745629142E-007
4 -1.9055642936011028E-007
5 -1.1568947009849946E-007
6 -7.2366206179107149E-008
7 -4.6599746102180826E-008
8 -3.1114359389668887E-008
9 -2.1638721508183131E-008
10 -1.5534915046751963E-008
11 -1.1617491953596677E-008
12 -9.0669599442440859E-009
13 -7.4453628063604470E-009
14 -6.4589273293203111E-009
15 -5.9349283268059857E-009
16 -5.7935879982670664E-009
17 -5.9349283234701623E-009
18 -6.4589273223999130E-009
19 -7.4453627955327181E-009
20 -9.0669599288170550E-009
21 -1.1617491932601781E-008
22 -1.5534915018954380E-008
23 -2.1638721471880728E-008
24 -3.1114359342880004E-008
25 -4.6599746042228886E-008
26 -7.2366206102924807E-008
27 -1.1568947000321010E-007
28 -1.9055642924392897E-007
29 -3.1850315732172711E-007
30 -5.3492781420606665E-007
31 -8.6845035683502979E-007
32 -1.2436226351924276E-006
