1 -8.6845035695025793E-007	2.2647898333792661E-004	2.2647898327606171E-004
2 -5.3492781434716127E-007	1.3950124678367687E-004	1.3950124674902859E-004
3 -3.1850315745629142E-007	8.3060903497271852E-005	8.3060903479169877E-005
4 -1.9055642936011028E-007	4.9694292879276924E-005	4.9694292870402587E-005
5 -1.1568947009849946E-007	3.0170099372654708E-005	3.0170099368677394E-005
6 -7.2366206179107149E-008	1.8872034182251066E-005	1.8872034180707166E-005
7 -4.6599746102180826E-008	1.2152523210924255E-005	1.2152523210502359E-005
8 -3.1114359389668887E-008	8.1141638374036597E-006	8.1141638374039375E-006
9 -2.1638721508183131E-008	5.6430579001761782E-006	5.6430579002231241E-006
10 -1.5534915046751963E-008	4.0512756301479051E-006	4.0512756300402091E-006
11 -1.1617491953596677E-008	3.0296697392039931E-006	3.0296697388410572E-006
12 -9.0669599442440859E-009	2.3645287887390521E-006	2.3645287880282458E-006
13 -7.4453628063604470E-009	1.9416402858176618E-006	1.9416402846968838E-006
14 -6.4589273293203111E-009	1.6843925318657401E-006	1.6843925302806033E-006
15 -5.9349283268059857E-009	1.5477413575188352E-006	1.5477413553345774E-006
16 -5.7935879982670664E-009	1.5108818947304067E-006	1.5108818918716607E-006
17 -5.9349283234701623E-009	1.5477413573824392E-006	1.5477413537311125E-006
18 -6.4589273223999130E-009	1.6843925315998171E-006	1.6843925269372188E-006
19 -7.4453627955327181E-009	1.9416402853522557E-006	1.9416402795150628E-006
20 -9.0669599288170550E-009	2.3645287880277791E-006	2.3645287806930040E-006
21 -1.1617491932601781E-008	3.0296697381680663E-006	3.0296697289266725E-006
22 -1.5534915018954380E-008	4.0512756286487762E-006	4.0512756170405623E-006
23 -2.1638721471880728E-008	5.6430578980827117E-006	5.6430578833828530E-006
24 -3.1114359342880004E-008	8.1141638345393771E-006	8.1141638158649569E-006
25 -4.6599746042228886E-008	1.2152523207028144E-005	1.2152523183129964E-005
26 -7.2366206102924807E-008	1.8872034177010609E-005	1.8872034146212325E-005
27 -1.1568947000321010E-007	3.0170099365738782E-005	3.0170099325894024E-005
28 -1.9055642924392897E-007	4.9694292870402967E-005	4.9694292818680818E-005
29 -3.1850315732172711E-007	8.3060903486393916E-005	8.3060903419863747E-005
30 -5.3492781420606665E-007	1.3950124677144268E-004	1.3950124668767267E-004
31 -8.6845035683502979E-007	2.2647898332682872E-004	2.2647898322706098E-004
32 -1.2436226351924276E-006	3.2431835375727595E-004	3.2431835365614190E-004
