           1   3.5645026790260874E-002   1.0000000000000000        0.0000000000000000     
           1   3.4704407587709277E-002   1.0000000000000000        1.0000000000000000E-002
           1   3.3736711596225370E-002   1.0000000000000000        2.0000000000000000E-002
           1   3.2751046595725766E-002   1.0000000000000000        2.9999999999999999E-002
           1   3.1755386778312078E-002   1.0000000000000000        4.0000000000000001E-002
           1   3.0756755707847177E-002   1.0000000000000000        5.0000000000000003E-002
           1   2.9761397316202517E-002   1.0000000000000000        5.9999999999999998E-002
           1   2.8774943908222123E-002   1.0000000000000000        7.0000000000000007E-002
           1   2.7802603204294223E-002   1.0000000000000000        8.0000000000000002E-002
           1   2.6849327783999486E-002   1.0000000000000000        8.9999999999999997E-002
           1   2.5920034580035389E-002   1.0000000000000000       0.10000000000000001     
           1   2.5019831604730747E-002   1.0000000000000000       0.11000000000000000     
           1   2.4154372056086656E-002   1.0000000000000000       0.12000000000000000     
           1   2.3330294749575133E-002   1.0000000000000000       0.13000000000000000     
           1   2.2555920941617666E-002   1.0000000000000000       0.14000000000000001     
           1   2.1842351138193418E-002   1.0000000000000000       0.14999999999999999     
           1   2.1205320560887836E-002   1.0000000000000000       0.16000000000000000     
           1   2.0668548380408002E-002   1.0000000000000000       0.17000000000000001     
           1   2.0270180120082276E-002   1.0000000000000000       0.17999999999999999     
           1   2.0076182502362282E-002   1.0000000000000000       0.19000000000000000     
           1   2.0211163803290372E-002   1.0000000000000000       0.20000000000000001     
           1   2.0937264798525198E-002   1.0000000000000000       0.20999999999999999     
           1   2.2874947422571863E-002   1.0000000000000000       0.22000000000000000     
           1   2.7420841171926353E-002   1.0000000000000000       0.23000000000000001     
           1   3.3132200982718824E-002   1.0000000000000000       0.23999999999999999     
           1   3.2987599060159994E-002   1.0000000000000000       0.25000000000000000     
           1   3.2474542122291040E-002   1.0000000000000000       0.26000000000000001     
           1   3.2726924110174846E-002   1.0000000000000000       0.27000000000000002     
           1   3.3342978961217171E-002   1.0000000000000000       0.28000000000000003     
           1   3.4117825257991605E-002   1.0000000000000000       0.28999999999999998     
           1   3.4956376539599016E-002   1.0000000000000000       0.29999999999999999     
           1   3.5808685832483617E-002   1.0000000000000000       0.31000000000000000     
           1   3.6644473865338409E-002   1.0000000000000000       0.32000000000000001     
           1   3.7442756855488958E-002   1.0000000000000000       0.33000000000000002     
           1   3.8187140162914433E-002   1.0000000000000000       0.34000000000000002     
           1   3.8863548108520163E-002   1.0000000000000000       0.34999999999999998     
           1   3.9459058093508553E-002   1.0000000000000000       0.35999999999999999     
           1   3.9961310435179268E-002   1.0000000000000000       0.37000000000000000     
           1   4.0358301797029927E-002   1.0000000000000000       0.38000000000000000     
           1   4.0638600573265599E-002   1.0000000000000000       0.39000000000000001     
           1   4.0791990057817799E-002   1.0000000000000000       0.40000000000000002     
           1   4.0810592920384026E-002   1.0000000000000000       0.40999999999999998     
           1   4.0690229153675032E-002   1.0000000000000000       0.41999999999999998     
           1   4.0431575352118367E-002   1.0000000000000000       0.42999999999999999     
           1   4.0040541761208810E-002   1.0000000000000000       0.44000000000000000     
           1   3.9527666451698397E-002   1.0000000000000000       0.45000000000000001     
           1   3.8906703048487458E-002   1.0000000000000000       0.46000000000000002     
           1   3.8192963653390491E-002   1.0000000000000000       0.46999999999999997     
           1   3.7401897631577939E-002   1.0000000000000000       0.47999999999999998     
           1   3.6548142289144020E-002   1.0000000000000000       0.48999999999999999     
           1   3.5645026790309897E-002   1.0000000000000000       0.50000000000000000     
           1   2.0211163803290372E-002   1.0000000000000000       0.20000000000000001     
           1   2.0296619314902530E-002   1.0000000000000000       0.20200000000000001     
           1   2.0407852848560747E-002   1.0000000000000000       0.20399999999999999     
           1   2.0548588262820806E-002   1.0000000000000000       0.20599999999999999     
           1   2.0723277889711175E-002   1.0000000000000000       0.20799999999999999     
           1   2.0937264798525198E-002   1.0000000000000000       0.20999999999999999     
           1   2.1197005729627200E-002   1.0000000000000000       0.21199999999999999     
           1   2.1510273458524357E-002   1.0000000000000000       0.21400000000000000     
           1   2.1886470142903212E-002   1.0000000000000000       0.21600000000000000     
           1   2.2336890100169343E-002   1.0000000000000000       0.21800000000000000     
           1   2.2874947422571863E-002   1.0000000000000000       0.22000000000000000     
           1   2.3516174815196775E-002   1.0000000000000000       0.22200000000000000     
           1   2.4277676715050753E-002   1.0000000000000000       0.22400000000000000     
           1   2.5176296140697871E-002   1.0000000000000000       0.22600000000000001     
           1   2.6224321012381563E-002   1.0000000000000000       0.22800000000000001     
           1   2.7420841171926353E-002   1.0000000000000000       0.23000000000000001     
           1   2.8737290091166264E-002   1.0000000000000000       0.23200000000000001     
           1   3.0099831345719461E-002   1.0000000000000000       0.23400000000000001     
           1   3.1382006287791239E-002   1.0000000000000000       0.23599999999999999     
           1   3.2430960012232862E-002   1.0000000000000000       0.23799999999999999     
           1   3.3132200982718824E-002   1.0000000000000000       0.23999999999999999     
           1   3.3468357190881010E-002   1.0000000000000000       0.24199999999999999     
           1   3.3516477426862687E-002   1.0000000000000000       0.24399999999999999     
           1   3.3391752275518397E-002   1.0000000000000000       0.24600000000000000     
           1   3.3193968304245619E-002   1.0000000000000000       0.24800000000000000     
           1   3.2987599060159994E-002   1.0000000000000000       0.25000000000000000     
           1   3.2806185058116062E-002   1.0000000000000000       0.25200000000000000     
           1   3.2663416775990724E-002   1.0000000000000000       0.25400000000000000     
           1   3.2562270469445050E-002   1.0000000000000000       0.25600000000000001     
           1   3.2500670721086429E-002   1.0000000000000000       0.25800000000000001     
           1   3.2474542122291040E-002   1.0000000000000000       0.26000000000000001     
           1   3.2479318019306903E-002   1.0000000000000000       0.26200000000000001     
           1   3.2510618801019263E-002   1.0000000000000000       0.26400000000000001     
           1   3.2564515829174349E-002   1.0000000000000000       0.26600000000000001     
           1   3.2637588820577615E-002   1.0000000000000000       0.26800000000000002     
           1   3.2726924110174846E-002   1.0000000000000000       0.27000000000000002     
           1   3.2830041342320107E-002   1.0000000000000000       0.27200000000000002     
           1   3.2944850407909683E-002   1.0000000000000000       0.27400000000000002     
           1   3.3069575278822462E-002   1.0000000000000000       0.27600000000000002     
           1   3.3202711987945402E-002   1.0000000000000000       0.27800000000000002     
           1   3.3342978961217171E-002   1.0000000000000000       0.28000000000000003     
           1   3.3489282462073180E-002   1.0000000000000000       0.28199999999999997     
           1   3.3640680819098809E-002   1.0000000000000000       0.28399999999999997     
           1   3.3796359713076415E-002   1.0000000000000000       0.28599999999999998     
           1   3.3955614457709019E-002   1.0000000000000000       0.28799999999999998     
           1   3.4117825257991605E-002   1.0000000000000000       0.28999999999999998     
           1   3.4282456190408185E-002   1.0000000000000000       0.29199999999999998     
           1   3.4449029379972795E-002   1.0000000000000000       0.29399999999999998     
           1   3.4617120859617573E-002   1.0000000000000000       0.29599999999999999     
           1   3.4786348949683257E-002   1.0000000000000000       0.29799999999999999     
           1   3.4956376539599016E-002   1.0000000000000000       0.29999999999999999     
           1   3.5126899519172555E-002   1.0000000000000000       0.30199999999999999     
           1   3.5297635856627263E-002   1.0000000000000000       0.30399999999999999     
           1   3.5468332421398359E-002   1.0000000000000000       0.30599999999999999     
           1   3.5638753531823449E-002   1.0000000000000000       0.30800000000000000     
           1   3.5808685832483617E-002   1.0000000000000000       0.31000000000000000     
           1   3.5977929462584858E-002   1.0000000000000000       0.31200000000000000     
           1   3.6146299387142707E-002   1.0000000000000000       0.31400000000000000     
           1   3.6313620717562362E-002   1.0000000000000000       0.31600000000000000     
           1   3.6479730952046124E-002   1.0000000000000000       0.31800000000000000     
           1   3.6644473865338409E-002   1.0000000000000000       0.32000000000000001     
           1   3.6807701571981967E-002   1.0000000000000000       0.32200000000000001     
           1   3.6969277427086715E-002   1.0000000000000000       0.32400000000000001     
           1   3.7129062905879050E-002   1.0000000000000000       0.32600000000000001     
           1   2.0211163803290372E-002   1.0000000000000000       0.20000000000000001     
           1   2.0296619314902530E-002   1.0000000000000000       0.20200000000000001     
           1   2.0407852848560747E-002   1.0000000000000000       0.20399999999999999     
           1   2.0548588262820806E-002   1.0000000000000000       0.20599999999999999     
           1   2.0723277889711175E-002   1.0000000000000000       0.20799999999999999     
           1   2.0937264798525198E-002   1.0000000000000000       0.20999999999999999     
           1   2.1197005729627200E-002   1.0000000000000000       0.21199999999999999     
           1   2.1510273458524357E-002   1.0000000000000000       0.21400000000000000     
           1   2.1886470142903212E-002   1.0000000000000000       0.21600000000000000     
           1   2.2336890100169343E-002   1.0000000000000000       0.21800000000000000     
           1   2.2874947422571863E-002   1.0000000000000000       0.22000000000000000     
           1   2.3516174815196775E-002   1.0000000000000000       0.22200000000000000     
           1   2.4277676715050753E-002   1.0000000000000000       0.22400000000000000     
           1   2.5176296140697871E-002   1.0000000000000000       0.22600000000000001     
           1   2.6224321012381563E-002   1.0000000000000000       0.22800000000000001     
           1   2.7420841171926353E-002   1.0000000000000000       0.23000000000000001     
           1   2.8737290091166264E-002   1.0000000000000000       0.23200000000000001     
           1   3.0099831345719461E-002   1.0000000000000000       0.23400000000000001     
           1   3.1382006287791239E-002   1.0000000000000000       0.23599999999999999     
           1   3.2430960012232862E-002   1.0000000000000000       0.23799999999999999     
           1   3.3132200982718824E-002   1.0000000000000000       0.23999999999999999     
           1   3.3468357190881010E-002   1.0000000000000000       0.24199999999999999     
           1   3.3516477426862687E-002   1.0000000000000000       0.24399999999999999     
           1   3.3391752275518397E-002   1.0000000000000000       0.24600000000000000     
           1   3.3193968304245619E-002   1.0000000000000000       0.24800000000000000     
           1   3.2987599060159994E-002   1.0000000000000000       0.25000000000000000     
           1   3.2806185058116062E-002   1.0000000000000000       0.25200000000000000     
           1   3.2663416775990724E-002   1.0000000000000000       0.25400000000000000     
           1   3.2562270469445050E-002   1.0000000000000000       0.25600000000000001     
           1   3.2500670721086429E-002   1.0000000000000000       0.25800000000000001     
           1   3.2474542122291040E-002   1.0000000000000000       0.26000000000000001     
           1   3.2479318019306903E-002   1.0000000000000000       0.26200000000000001     
           1   3.2510618801019263E-002   1.0000000000000000       0.26400000000000001     
           1   3.2564515829174349E-002   1.0000000000000000       0.26600000000000001     
           1   3.2637588820577615E-002   1.0000000000000000       0.26800000000000002     
           1   3.2726924110174846E-002   1.0000000000000000       0.27000000000000002     
           1   3.2830041342320107E-002   1.0000000000000000       0.27200000000000002     
           1   3.2944850407909683E-002   1.0000000000000000       0.27400000000000002     
           1   3.3069575278822462E-002   1.0000000000000000       0.27600000000000002     
           1   3.3202711987945402E-002   1.0000000000000000       0.27800000000000002     
           1   3.3342978961217171E-002   1.0000000000000000       0.28000000000000003     
           1   3.3489282462073180E-002   1.0000000000000000       0.28199999999999997     
           1   3.3640680819098809E-002   1.0000000000000000       0.28399999999999997     
           1   3.3796359713076415E-002   1.0000000000000000       0.28599999999999998     
           1   3.3955614457709019E-002   1.0000000000000000       0.28799999999999998     
           1   3.4117825257991605E-002   1.0000000000000000       0.28999999999999998     
           1   3.4282456190408185E-002   1.0000000000000000       0.29199999999999998     
           1   3.4449029379972795E-002   1.0000000000000000       0.29399999999999998     
           1   3.4617120859617573E-002   1.0000000000000000       0.29599999999999999     
           1   3.4786348949683257E-002   1.0000000000000000       0.29799999999999999     
           1   3.4956376539599016E-002   1.0000000000000000       0.29999999999999999     
           1   3.5126899519172555E-002   1.0000000000000000       0.30199999999999999     
           1   3.5297635856627263E-002   1.0000000000000000       0.30399999999999999     
           1   3.5468332421398359E-002   1.0000000000000000       0.30599999999999999     
           1   3.5638753531823449E-002   1.0000000000000000       0.30800000000000000     
           1   3.5808685832483617E-002   1.0000000000000000       0.31000000000000000     
           1   3.5977929462584858E-002   1.0000000000000000       0.31200000000000000     
           1   3.6146299387142707E-002   1.0000000000000000       0.31400000000000000     
           1   3.6313620717562362E-002   1.0000000000000000       0.31600000000000000     
           1   3.6479730952046124E-002   1.0000000000000000       0.31800000000000000     
           1   3.6644473865338409E-002   1.0000000000000000       0.32000000000000001     
           1   3.6807701571981967E-002   1.0000000000000000       0.32200000000000001     
           1   3.6969277427086715E-002   1.0000000000000000       0.32400000000000001     
           1   3.7129062905879050E-002   1.0000000000000000       0.32600000000000001     
           1   2.0211163803290372E-002   1.0000000000000000       0.20000000000000001     
           1   2.0296619314902530E-002   1.0000000000000000       0.20200000000000001     
           1   2.0407852848560747E-002   1.0000000000000000       0.20399999999999999     
           1   2.0548588262820806E-002   1.0000000000000000       0.20599999999999999     
           1   2.0723277889711175E-002   1.0000000000000000       0.20799999999999999     
           1   2.0937264798525198E-002   1.0000000000000000       0.20999999999999999     
           1   2.1197005729627200E-002   1.0000000000000000       0.21199999999999999     
           1   2.1510273458524357E-002   1.0000000000000000       0.21400000000000000     
           1   2.1886470142903212E-002   1.0000000000000000       0.21600000000000000     
           1   2.2336890100169343E-002   1.0000000000000000       0.21800000000000000     
           1   2.2874947422571863E-002   1.0000000000000000       0.22000000000000000     
           1   2.3516174815196775E-002   1.0000000000000000       0.22200000000000000     
           1   2.4277676715050753E-002   1.0000000000000000       0.22400000000000000     
           1   2.5176296140697871E-002   1.0000000000000000       0.22600000000000001     
           1   2.6224321012381563E-002   1.0000000000000000       0.22800000000000001     
           1   2.7420841171926353E-002   1.0000000000000000       0.23000000000000001     
           1   2.8737290091166264E-002   1.0000000000000000       0.23200000000000001     
           1   3.0099831345719461E-002   1.0000000000000000       0.23400000000000001     
           1   3.1382006287791239E-002   1.0000000000000000       0.23599999999999999     
           1   3.2430960012232862E-002   1.0000000000000000       0.23799999999999999     
           1   3.3132200982718824E-002   1.0000000000000000       0.23999999999999999     
           1   3.3468357190881010E-002   1.0000000000000000       0.24199999999999999     
           1   3.3516477426862687E-002   1.0000000000000000       0.24399999999999999     
           1   3.3391752275518397E-002   1.0000000000000000       0.24600000000000000     
           1   3.3193968304245619E-002   1.0000000000000000       0.24800000000000000     
           1   3.2987599060159994E-002   1.0000000000000000       0.25000000000000000     
           1   3.2806185058116062E-002   1.0000000000000000       0.25200000000000000     
           1   3.2663416775990724E-002   1.0000000000000000       0.25400000000000000     
           1   3.2562270469445050E-002   1.0000000000000000       0.25600000000000001     
           1   3.2500670721086429E-002   1.0000000000000000       0.25800000000000001     
           1   3.2474542122291040E-002   1.0000000000000000       0.26000000000000001     
           1   3.2479318019306903E-002   1.0000000000000000       0.26200000000000001     
           1   3.2510618801019263E-002   1.0000000000000000       0.26400000000000001     
           1   3.2564515829174349E-002   1.0000000000000000       0.26600000000000001     
           1   3.2637588820577615E-002   1.0000000000000000       0.26800000000000002     
           1   3.2726924110174846E-002   1.0000000000000000       0.27000000000000002     
           1   3.2830041342320107E-002   1.0000000000000000       0.27200000000000002     
           1   3.2944850407909683E-002   1.0000000000000000       0.27400000000000002     
           1   3.3069575278822462E-002   1.0000000000000000       0.27600000000000002     
           1   3.3202711987945402E-002   1.0000000000000000       0.27800000000000002     
           1   3.3342978961217171E-002   1.0000000000000000       0.28000000000000003     
           1   3.3489282462073180E-002   1.0000000000000000       0.28199999999999997     
           1   3.3640680819098809E-002   1.0000000000000000       0.28399999999999997     
           1   3.3796359713076415E-002   1.0000000000000000       0.28599999999999998     
           1   3.3955614457709019E-002   1.0000000000000000       0.28799999999999998     
           1   3.4117825257991605E-002   1.0000000000000000       0.28999999999999998     
           1   3.4282456190408185E-002   1.0000000000000000       0.29199999999999998     
           1   3.4449029379972795E-002   1.0000000000000000       0.29399999999999998     
           1   3.4617120859617573E-002   1.0000000000000000       0.29599999999999999     
           1   3.4786348949683257E-002   1.0000000000000000       0.29799999999999999     
           1   3.4956376539599016E-002   1.0000000000000000       0.29999999999999999     
           1   3.5126899519172555E-002   1.0000000000000000       0.30199999999999999     
           1   3.5297635856627263E-002   1.0000000000000000       0.30399999999999999     
           1   3.5468332421398359E-002   1.0000000000000000       0.30599999999999999     
           1   3.5638753531823449E-002   1.0000000000000000       0.30800000000000000     
           1   3.5808685832483617E-002   1.0000000000000000       0.31000000000000000     
           1   3.5977929462584858E-002   1.0000000000000000       0.31200000000000000     
           1   3.6146299387142707E-002   1.0000000000000000       0.31400000000000000     
           1   3.6313620717562362E-002   1.0000000000000000       0.31600000000000000     
           1   3.6479730952046124E-002   1.0000000000000000       0.31800000000000000     
           1   3.6644473865338409E-002   1.0000000000000000       0.32000000000000001     
           1   3.6807701571981967E-002   1.0000000000000000       0.32200000000000001     
           1   3.6969277427086715E-002   1.0000000000000000       0.32400000000000001     
           1   3.7129062905879050E-002   1.0000000000000000       0.32600000000000001     
